2.591065526305931
1.2281775963540336
-0.12588805961989377
-0.10106348486357983
0.15000589461660088
1.3003124014133893
-1.4375196198813784
-0.9713304586460744
-1.1273716613071498
0.5367617237052726
0.1871728525304606
0.999677390234842
1.3908836879306226
0.1812579697881318
0.019243937555511983
-0.6183769893654215
-1.7871715511937
0.07412442319409941
-0.7859473136198104
0.9725774122413859
2.444154319856371
-1.2161508006896917
0.13225070972524952
0.1866524979618893
-0.3767265976463865
-0.582026126848953
1.5703231194045957
0.8456442938265393
-2.003713698677464
-0.05226917349997619
0.6109939885822117
-0.44039691297787004
1.328876392276148
-0.5166242908099246
0.15060957952751797
-2.165983778770572
0.21926864587721268
-0.11005545674726601
0.002980015470167823
-0.06375601737900831
-0.9731222404145589
-0.7333102534262872
0.12358637252371765
0.2848935507110366
1.3540965300136736
-0.2813196999806674
0.8088519317241861
-0.36307868001878174
1.1858934023881649
0.1393751698809665
-0.7372960274855082
-0.4893922954878849
0.08765648121297255
1.025387308123273
1.1091806729515599
0.5694870669910447
0.3510959633913618
-0.978573138617752
1.890359920429206
-0.9615496424274131
0.3804503039568362
1.480640202771013
-0.6271957092474426
-0.9504656300174582
0.27348170563604635
-1.2855758422281425
-2.4392655718342837
1.2512193669775793
1.306917144754107
-1.0480264643430783
1.6628858769395118
0.1822473713243674
-0.6729132139088124
-0.5613923432998388
1.0326402687738205
0.18090227070267156
0.7387675155579095
0.4338294564843046
0.8588548904604383
1.9087319872015702
1.0967189777344655
0.7847408164460931
-0.10860319700937653
0.4432880369236851
0.5199829727112366
1.7027016410516544
1.9063800168295575
1.2518287478147654
-0.4462380091672116
1.3792085241686272
-0.09848838263153761
-0.5583653986974354
-0.49372556560035147
-0.9969316727719781
-1.0012494921507729
-0.226553231009894
0.5033419891309986
-1.070771543965336
-2.059745709773203
-1.7618683554406198
1.212611573187415
0.40774674641911335
-0.3141174418267476
1.2000482215853376
-0.5489219474742645
0.2106114053050975
0.6011170277191685
0.7441458904718318
-0.4997969220307396
-0.3945882050339673
-0.6942417401788153
-1.3863388221244282
-0.0919430512225507
-0.6086452213637409
-0.6363268284840551
-0.24136403608876814
1.6542347986990826
-0.7002823283263204
0.44595272861413393
1.295476542918475
-2.5303265587660912
-0.9161142396006045
1.5992565156979517
-0.06473176629361699
1.3154292599458304
1.9097417412662052
-0.8076984823582671
0.09003616196635313
-0.8900301109729654
0.7845443548304173
2.4327496794985555
1.1133534712078232
-0.44425685504522655
0.17001910286536415
0.6290346184566546
0.23379302035477173
-0.20686753977169536
-0.5502606838586502
-1.7870549100638067
0.379044696217289
0.506371772351255
-0.09224950494740922
1.0266433110188076
0.8248824660233856
-0.4486584251711305
1.1582977820844176
-0.3595983668574343
1.0818933972961002
-0.6976685577444539
-2.62066497394839
0.41309345019367033
1.2061467245530373
-1.4884827944308434
1.9341336504780087
0.5965394142559665
-0.1266208642805612
1.1038103272139732
-1.4588575125714005
-0.8654246277036566
1.4677724570670605
-0.6445028201137512
-0.07374938347707596
0.7082952089448226
-0.1598111970487308
-1.3981759967616745
-0.29504496805793373
2.297635032324567
1.2639809988169273
0.6716877723416779
0.24617907024876756
-0.8596547361907461
-0.3552868412575318
1.3833183676902958
-1.1375681358077725
0.02037547198605813
0.2886941639768596
0.06149458771671265
-0.2666781979833332
-0.4411550382300894
-1.2395725764542265
-0.6582363382927576
-0.36188155507971137
-1.689558835951799
1.102111867498631
1.141286893836926
-0.63281355262898
-0.18802400110576015
-1.557846475864989
1.2519068025328268
0.2413971843880803
1.9583481973311467
-1.0568017772158769
-2.1549632500601517
0.8157858787241847
1.622372915466235
-0.43920139835424044
-1.3458671712418508
-0.23419147459450246
1.0948207971209178
-0.39655410875370056